/Users/aayanalwani/tb project/mce3r_stochastic/results/METHODOLOGY_DOCUMENT.docxMEME version 4

ALPHABET= ACGT

strands: + -

Background letter frequencies (from uniform background):
A 0.175 C 0.325 G 0.325 T 0.175

MOTIF MCE3R_ASYM Mce3R_asymmetric_operator

letter-probability matrix: alength= 4 w= 18 nsites= 9 E= 0
  0.116739  0.096702  0.096702  0.689857
  0.100709  0.100709  0.100709  0.697873
  0.145553  0.102403  0.657098  0.094947
  0.613406  0.099536  0.099536  0.187522
  0.100899  0.709645  0.094728  0.094728
  0.615918  0.094503  0.195076  0.094503
  0.128119  0.090273  0.132321  0.649286
  0.170633  0.329656  0.298318  0.201393
  0.176891  0.306400  0.303360  0.213348
  0.231856  0.304022  0.291303  0.172819
  0.216284  0.302392  0.274026  0.207297
  0.187770  0.384058  0.319416  0.108756
  0.086225  0.157401  0.160537  0.595837
  0.098259  0.170059  0.633423  0.098259
  0.130543  0.671914  0.098772  0.098772
  0.103987  0.685399  0.092999  0.117615
  0.100244  0.699267  0.100244  0.100244
  0.654856  0.099812  0.145520  0.099812

MOTIF MCE3R_ASYM_done

